Branch,Expression
Regenerative Braking,"Step(2014, 0.007, 2015, 0.007, 2016, 0.007, 2017, 0.007)"
Bioenergy,"Step(2014, 0.685, 2015, 0.764, 2016, 0.889, 2017, 1.007)"
CHP,"Step(2014, 0.559, 2015, 0.583, 2016, 1.036, 2017, 1.251)"
Solar PV,"Step(2014, 0.056, 2015, 0.056, 2016, 0.145, 2017, 0.214)"
CFB,"Step(2014, 0.58, 2015, 0.58, 2016, 0.58, 2017, 0.58)"
Geothermal,"Step(2014, 0.813, 2015, 0.884, 2016, 0.909, 2017, 0.926)"
ICE,"Step(2014, 1.152, 2015, 1.186, 2016, 1.453, 2017, 1.634)"
Nuclear,"Step(2014, 1.4, 2015, 1.51, 2016, 1.608, 2017, 1.608)"
Wind,"Step(2014, 2.036, 2015, 2.805, 2016, 3.735, 2017, 4.199)"
Turbogas,"Step(2014, 4.214, 2015, 4.904, 2016, 5.052, 2017, 5.136)"
Coal,"Step(2014, 5.378, 2015, 5.378, 2016, 5.378, 2017, 5.378)"
Hydro,"Step(2014, 12.458, 2015, 12.489, 2016, 12.589, 2017, 12.642)"
CT,"Step(2014, 12.657, 2015, 12.711, 2016, 12.594, 2017, 12.546)"
CCGT,"Step(2014, 23.456, 2015, 24.043, 2016, 27.274, 2017, 28.084)"
New CSP,"Step(2014, 0, 2015, 0, 2016, 0, 2017, 0, 2018, 0, 2019, 0, 2020, 0, 2021, 0, 2022, 0, 2023, 0, 2024, 0, 2025, 0, 2026, 0, 2027, 0, 2028, 0, 2029, 0, 2030, 0, 2031, 0, 2032, 0)"
New Bioenergy,"Step(2014, 0, 2015, 0, 2016, 0, 2017, 0, 2018, 0, 2019, 0, 2020, 0, 2021, 0, 2022, 0, 2023, 0, 2024, 0, 2025, 0, 2026, 0, 2027, 0, 2028, 0, 2029, 0, 2030, 0, 2031, 0, 2032, 0)"
New CHP,"Step(2014, 0, 2015, 0, 2016, 0, 2017, 0, 2018, 0, 2019, 0, 2020, 0, 2021, 0, 2022, 0, 2023, 0, 2024, 0, 2025, 0, 2026, 0, 2027, 0, 2028, 0, 2029, 0, 2030, 0, 2031, 0, 2032, 0)"
New Solar PV,"Step(2014, 0, 2015, 0, 2016, 0, 2017, 0, 2018, 0, 2019, 0.75, 2020, 0.875, 2021, 9.201, 2022, 1.409, 2023, 1.451, 2024, 10.05, 2025, 1.797, 2026, 2.32, 2027, 1.929, 2028, 2.596, 2029, 2.528, 2030, 2.137, 2031, 7.139, 2032, 6.237)"
New CFB,"Step(2014, 0, 2015, 0, 2016, 0, 2017, 0, 2018, 0, 2019, 0, 2020, 0, 2021, 0, 2022, 0, 2023, 0, 2024, 0, 2025, 0, 2026, 0, 2027, 0, 2028, 0, 2029, 0, 2030, 0, 2031, 0, 2032, 0)"
New Geothermal,"Step(2014, 0, 2015, 0, 2016, 0, 2017, 0, 2018, 0, 2019, 0, 2020, 0, 2021, 0, 2022, 0, 2023, 0, 2024, 0, 2025, 0, 2026, 0, 2027, 0, 2028, 0, 2029, 0, 2030, 0, 2031, 0, 2032, 0)"
New ICE,"Step(2014, 0, 2015, 0, 2016, 0, 2017, 0, 2018, 0, 2019, 0, 2020, 0, 2021, 0, 2022, 0, 2023, 0, 2024, 0, 2025, 0, 2026, 0, 2027, 0, 2028, 0, 2029, 0, 2030, 0, 2031, 0, 2032, 0)"
New Nuclear,"Step(2014, 0, 2015, 0, 2016, 0, 2017, 0, 2018, 0, 2019, 0, 2020, 0, 2021, 0, 2022, 0, 2023, 0, 2024, 0, 2025, 0, 2026, 0, 2027, 0, 2028, 0, 2029, 0, 2030, 0, 2031, 0, 2032, 0)"
New Wind,"Step(2014, 0, 2015, 0, 2016, 0, 2017, 0, 2018, 0, 2019, 0, 2020, 0, 2021, 0, 2022, 0, 2023, 0, 2024, 0, 2025, 0, 2026, 0, 2027, 0, 2028, 0, 2029, 0, 2030, 0, 2031, 0, 2032, 0)"
New Turbogas,"Step(2014, 0, 2015, 0, 2016, 0, 2017, 0, 2018, 0, 2019, 0, 2020, 0, 2021, 0, 2022, 0, 2023, 0, 2024, 0, 2025, 0, 2026, 0, 2027, 0, 2028, 0, 2029, 0, 2030, 0, 2031, 0, 2032, 0)"
New Coal,"Step(2014, 0, 2015, 0, 2016, 0, 2017, 0, 2018, 0, 2019, 0, 2020, 0, 2021, 0, 2022, 0, 2023, 0, 2024, 0, 2025, 0, 2026, 0, 2027, 0, 2028, 0, 2029, 0, 2030, 0, 2031, 0, 2032, 0)"
New Hydro,"Step(2014, 0, 2015, 0, 2016, 0, 2017, 0, 2018, 0, 2019, 0, 2020, 0, 2021, 0, 2022, 0, 2023, 0, 2024, 0, 2025, 0, 2026, 0, 2027, 0, 2028, 0, 2029, 0, 2030, 0, 2031, 0, 2032, 0)"
New CCGT,"Step(2014, 0, 2015, 0, 2016, 0, 2017, 0, 2018, 6.098, 2019, 1.554, 2020, 0.057, 2021, 0, 2022, 1.333, 2023, 0.537, 2024, 0, 2025, 0.728, 2026, 1.252, 2027, 1.445, 2028, 0.29, 2029, 1.454, 2030, 0.896, 2031, 0, 2032, 0)"
New BESS,"Step(2014, 0, 2015, 0, 2016, 0, 2017, 0, 2018, 0, 2019, 0, 2020, 0, 2021, 0, 2022, 0, 2023, 0, 2024, 0, 2025, 0, 2026, 0, 2027, 0, 2028, 1.508, 2029, 0.291, 2030, 0.651, 2031, 0, 2032, 0.279)"
