Branch,2014,2015,2016,2017,2018,2019,2020,2021,2022,2023,2024,2025,2026,2027,2028,2029,2030,2031,2032
Regenerative Braking,0.007,0.007,0.007,0.007,0.007,0.007,0.007,0.007,0.007,0.007,0.007,0.007,0.007,0.007,0.007,0.007,0.007,0.007,0.007
Bioenergy,0.685,0.764,0.889,1.007,1.007,1.007,1.007,1.007,1.007,1.007,1.007,1.007,1.007,1.007,1.007,1.007,1.007,1.007,1.007
CHP,0.559,0.583,1.036,1.251,1.251,1.251,1.251,1.251,1.251,1.251,1.251,1.251,1.251,1.251,1.251,1.251,1.251,1.251,1.251
Solar PV,0.056,0.056,0.145,0.214,0.214,0.214,0.214,0.214,0.214,0.214,0.214,0.214,0.214,0.214,0.214,0.214,0.214,0.214,0.214
CFB,0.580,0.580,0.580,0.580,0.580,0.580,0.580,0.580,0.580,0.580,0.580,0.580,0.580,0.580,0.580,0.580,0.580,0.580,0.580
Geothermal,0.813,0.884,0.909,0.926,0.926,0.911,0.881,0.866,0.866,0.866,0.866,0.866,0.866,0.866,0.866,0.866,0.866,0.866,0.866
ICE,1.152,1.186,1.453,1.634,1.635,1.635,1.635,1.635,1.562,1.530,1.530,1.530,1.530,1.530,1.530,1.530,1.530,1.530,1.530
Nuclear,1.400,1.510,1.608,1.608,1.608,1.608,1.608,1.608,1.608,1.608,1.608,1.608,1.608,1.608,1.608,1.608,1.608,1.608,1.608
Wind,2.036,2.805,3.735,4.199,4.198,4.198,4.198,4.198,4.198,4.197,4.197,4.197,4.197,4.197,4.197,4.197,4.197,4.197,4.197
Turbogas,4.214,4.904,5.052,5.136,5.062,5.062,4.856,4.856,4.673,4.004,4.004,4.004,4.004,3.961,3.961,3.961,3.961,3.961,3.961
Coal,5.378,5.378,5.378,5.378,5.378,5.378,5.378,5.378,5.378,5.378,5.378,5.378,5.378,5.378,5.378,3.978,3.978,3.978,3.978
Hydro,12.458,12.489,12.589,12.642,12.642,12.642,12.642,12.642,12.642,12.642,12.642,12.642,12.642,12.642,12.642,12.642,12.642,12.642,12.642
CT,12.657,12.711,12.594,12.546,11.712,11.712,8.296,7.476,7.156,5.120,5.120,5.120,5.120,5.120,5.120,5.120,5.120,5.120,5.120
CCGT,23.456,24.043,27.274,28.084,27.857,27.857,27.646,27.646,27.420,27.180,26.948,26.948,26.948,26.426,26.426,26.426,26.426,26.425,26.425
New CSP,0.000,0.000,0.000,0.000,0.014,0.014,0.014,0.014,0.014,0.014,0.014,0.014,0.014,0.014,0.014,0.014,0.014,0.014,0.014
New Bioenergy,0.000,0.000,0.000,0.000,0.003,0.003,0.003,0.043,0.284,0.570,0.718,0.718,0.816,0.816,0.940,0.940,0.940,0.940,0.940
New CHP,0.000,0.000,0.000,0.000,0.679,0.680,0.680,0.680,0.680,0.764,0.884,0.884,1.341,1.721,1.721,2.383,2.383,2.383,2.383
New Solar PV,0.000,0.000,0.000,0.000,1.767,4.222,5.425,7.350,7.550,7.850,8.150,8.486,8.826,9.172,9.522,9.872,10.372,10.872,11.412
New CFB,0.000,0.000,0.000,0.000,0.000,0.000,0.000,0.000,0.000,0.000,0.461,0.461,0.461,0.461,0.461,0.461,0.461,0.461,0.461
New Geothermal,0.000,0.000,0.000,0.000,0.025,0.025,0.025,0.025,0.025,0.025,0.025,0.051,0.201,0.451,0.584,0.584,0.684,0.789,0.842
New ICE,0.000,0.000,0.000,0.000,0.000,0.022,0.022,0.133,0.133,0.176,0.176,0.176,0.176,0.176,0.176,0.176,0.176,0.176,0.176
New Nuclear,0.000,0.000,0.000,0.000,0.000,0.000,0.000,0.000,0.000,0.000,0.000,0.000,0.000,0.000,0.000,1.360,2.720,4.080,4.080
New Wind,0.000,0.000,0.000,0.000,0.677,2.393,3.930,4.664,7.033,8.220,10.217,11.333,11.553,12.403,12.706,13.106,13.459,14.070,14.820
New Turbogas,0.000,0.000,0.000,0.000,0.000,0.000,0.890,0.890,0.990,1.307,1.307,1.307,1.337,1.337,1.337,1.337,1.337,1.337,1.337
New Coal,0.000,0.000,0.000,0.000,0.000,0.129,0.129,0.129,0.129,0.129,0.129,0.129,0.129,0.129,0.129,0.129,0.129,0.129,0.129
New Hydro,0.000,0.000,0.000,0.000,0.029,0.029,0.029,0.029,0.029,0.029,0.493,0.556,0.556,0.602,1.034,1.105,1.751,1.751,2.214
New CCGT,0.000,0.000,0.000,0.000,2.268,5.869,6.635,7.509,9.450,13.406,14.295,15.621,17.760,18.828,21.084,23.339,24.151,25.952,28.107
New BESS,0.000,0.000,0.000,0.000,0.000,0.000,0.000,0.000,0.000,0.000,0.000,0.000,0.000,0.000,0.000,0.000,0.000,0.000,0.000
