Branch,2014,2015,2016,2017,2018,2019,2020,2021,2022,2023,2024,2025,2026,2027,2028,2029,2030,2031,2032
Regenerative Braking,0.007,0.007,0.007,0.007,0,0,0,0,0,0,0,0,0,0,0,0,0,0,0
Bioenergy,0.685,0.764,0.889,1.007,1.007,1.007,1.007,1.007,1.007,1.007,1.007,1.007,1.007,1.007,1.007,1.007,1.007,1.007,1.007
CHP,0.559,0.583,1.036,1.251,1.251,1.251,1.251,1.251,1.251,1.251,1.251,1.251,1.251,1.251,1.251,1.251,1.251,1.251,1.251
Solar PV,0.056,0.056,0.145,0.214,0.214,0.214,0.214,0.214,0.214,0.214,0.214,0.214,0.214,0.214,0.214,0.214,0.214,0.214,0.214
CFB,0.58,0.58,0.58,0.58,0,0,0,0,0,0,0,0,0,0,0,0,0,0,0
Geothermal,0.813,0.884,0.909,0.926,0.701,0.899,0.899,0.899,0.899,0.899,0.899,0.899,0.899,0.899,0.899,0.899,0.899,0.899,0.899
ICE,1.152,1.186,1.453,1.634,0.701,0.891,0.85,0.701,0.728,0.728,0.728,0.728,0.728,0.728,0.728,0.728,0.728,0.728,0.728
Nuclear,1.4,1.51,1.608,1.608,1.608,1.608,1.608,1.608,1.608,1.608,1.608,1.608,1.608,1.608,1.608,1.608,1.608,1.608,1.608
Wind,2.036,2.805,3.735,4.199,4.199,4.199,4.199,4.199,4.199,4.199,4.199,4.199,4.199,4.199,4.199,4.199,4.199,4.199,4.199
Turbogas,4.214,4.904,5.052,5.136,3.222,2.96,3.545,3.744,3.815,3.815,3.815,3.815,3.815,3.815,3.815,3.815,3.815,3.815,3.815
Coal,5.378,5.378,5.378,5.378,5.378,5.378,5.378,5.378,5.378,5.378,5.378,5.378,5.378,5.378,5.378,5.378,5.378,5.378,5.378
Hydro,12.458,12.489,12.589,12.642,12.61,12.612,12.612,12.614,12.613,12.613,12.613,12.613,12.613,12.613,12.613,12.613,12.613,12.613,12.613
CT,12.657,12.711,12.594,12.546,11.909,11.831,11.809,11.793,11.343,11.343,11.343,11.343,11.343,11.343,11.343,11.343,11.343,11.343,11.343
CCGT,23.456,24.043,27.274,28.084,25.569,25.569,25.569,25.569,25.569,25.569,25.569,25.569,25.569,25.569,25.569,25.569,25.569,25.569,25.569
New CSP,0,0,0,0,0,0,0,0,0,0,0,0,0,0,0,0,0,0,0
New Bioenergy,0,0,0,0,0.35,0.375,0.378,0.378,0.408,0.408,0.408,0.408,0.408,0.408,0.408,0.408,0.408,0.408,0.408
New CHP,0,0,0,0,0.15,0.459,1.054,1.054,1.057,1.057,1.057,1.057,1.057,1.174,1.291,1.408,1.525,1.642,1.758
New Solar PV,0,0,0,0,1.607,3.432,4.935,5.741,6.321,7.869,9.417,10.965,12.513,14.007,15.501,16.995,18.489,19.983,21.477
New CFB,0,0,0,0,0,0,0,0,0,0,0,0,0,0,0,0,0,0,0
New Geothermal,0,0,0,0,0,0,0.052,0.077,0.077,0.077,0.077,0.077,0.077,0.077,0.077,0.077,0.077,0.077,0.077
New ICE,0,0,0,0,0,0,0,0,0,0.247,0.494,0.741,0.988,0.988,0.988,0.988,0.988,0.988,0.988
New Nuclear,0,0,0,0,0,0,0,0,0,0,0,0,0,0.013,0.026,0.039,0.052,0.065,0.077
New Wind,0,0,0,0,0.565,1.851,2.305,2.778,2.722,3.208,3.694,4.18,4.666,5.015,5.363,5.712,6.061,6.409,6.758
New Turbogas,0,0,0,0,0,0,0,0,0,0.043,0.086,0.129,0.172,0.172,0.172,0.172,0.172,0.172,0.172
New Coal,0,0,0,0,0.016,0.085,0.085,0.085,0.085,0.085,0.085,0.085,0.085,0.085,0.085,0.085,0.085,0.085,0.085
New Hydro,0,0,0,0,0,0,0,0,0,0.115,0.23,0.345,0.46,0.692,0.924,1.156,1.388,1.621,1.853
New CCGT,0,0,0,0,3.866,4.833,6.379,8.071,8.844,10.423,12.003,13.582,15.161,15.861,16.56,17.26,17.959,18.659,19.358
New BESS,0,0,0,0,0,0,0,0,0,0.579,1.158,1.737,2.316,2.878,3.439,4,4.561,5.122,5.684
